10005
10012
10019
10021
10032
10040
10043
10048
10059
10074
10078
10079
10085
10097
10103
10107
10110
10117
10118
10121
10134
10157
10164
10168
10202
10211
10216
10220
10233
10234
10241
10252
10257
10262
10268
10273
10274
10289
10294
10304
10322
10329
10338
10339
10340
10342
10350
10355
10368
10372
10380
10383
10390
10392
10398
10405
10418
10424
10434
10442
10451
10463
10473
10482
10484
10486
10490
10503
10522
10523
10526
10529
10539
10540
10548
10549
10558
10568
10570
10589
10604
10605
10607
10620
10626
10634
10635
10637
10641
10665
10668
10670
10687
10688
10699
10700
10707
10721
10726
10728
10730
10743
10768
10777
10798
10804
10807
10808
10825
10833
10834
10836
10839
10842
10867
10868
10872
10880
10885
10888
10895
10901
10910
10911
10915
10920
10921
10925
10932
10938
10942
10948
10953
10957
10961
10964
10968
10970
10975
10985
11002
11032
11039
11041
11049
11050
11051
11054
11063
11068
11074
11076
11080
11086
11100
11102
11114
11122
11130
11137
11149
11152
11154
11155
11162
11163
11165
11168
11174
11177
11181
11185
11186
11188
11190
11194
11198
11208
11225
11229
11231
11236
11247
11253
11256
11257
11260
11269
11278
11280
11284
11299
11300
11305
11306
11325
11330
11338
11345
11357
11361
11373
11375
11377
11382
11384
11385
11397
11423
11428
11441
11442
11444
11446
11447
11448
11450
11456
11462
11465
11471
h5
