11190
10021
10241
10665
11441
11280
11174
10925
11257
11074
11102
11325
10804
11338
10880
11155
10687
11253
11041
10322
10164
10836
11032
11054
10383
11185
11299
10604
11130
10948
10901
11086
10424
10895
10833
10721
10040
11163
11448
11181
10867
10380
11256
10548
10700
10522
11397
10398
10942
11269
10568
10451
10620
10134
10372
10637
11385
10798
10355
10634
10728
10842
10043
10957
10005
10970
10118
11247
10078
10885
10910
11208
10921
10085
11361
11278
11446
11002
10549
10484
10074
10529
10107
11100
10985
11444
10117
10539
10304
10157
10338
11442
10968
10558
11050
10605
10252
11450
10463
10726
10607
10350
10668
10699
10390
11465
10234
10216
11456
10872
11423
10961
10635
11260
11225
11284
11373
10953
11300
10032
10294
10059
10839
11236
10257
10920
10121
10570
10339
10202
10274
11345
11186
10777
11063
11152
10688
10233
10707
10048
10220
11154
10273
10888
11384
10964
11076
10405
11382
10342
11377
10268
11198
10834
10486
10526
10110
11137
10932
10589
10103
10938
11306
10473
10743
10418
10626
11168
10211
10540
10329
10482
10915
10807
11229
10730
