10529
10839
10522
11397
11284
11225
10164
10957
10216
10463
10372
11260
10637
11456
10626
11100
11181
11155
10211
11174
10948
10418
10607
10985
10304
10233
10668
10570
10568
10895
11256
11257
10043
10743
10329
10202
10451
11185
10274
10059
10915
10730
11448
11442
10867
10380
11186
10107
10273
10048
10257
10040
10833
11054
11137
10901
11280
11074
10110
10339
10932
10707
10699
10157
10103
11063
11102
10032
10605
11032
10252
11076
11325
11236
10234
10964
10220
10005
10721
10938
10390
10620
11444
10118
11152
11306
11002
10558
10604
10688
10526
10548
10078
10486
10405
10549
11377
10294
10872
10539
10074
10482
10117
10383
11373
10798
11299
10687
10970
11247
11384
10473
10880
11278
11465
10961
10355
10241
11168
10910
10834
10350
10342
11345
10888
11441
10804
11361
10968
10134
11190
10777
11300
11253
10726
11450
11130
10021
10700
10920
10338
11385
10921
10925
11338
10634
10121
11041
10589
11198
10807
11382
10836
10540
10268
10424
11163
10635
